0.49111 0.25249 0.00000 0.00000
0.41045 0.99828 0.00000 1.00000
0.96897 0.82600 1.00000 1.00000
0.28555 0.21955 0.00000 0.00000
0.81884 0.20428 0.00000 1.00000
0.00554 0.37023 0.00000 0.00000
0.91718 0.28479 0.00000 1.00000
0.39150 0.81368 0.00000 1.00000
0.13263 0.36254 0.00000 0.00000
0.87670 0.97596 1.00000 1.00000
0.07832 0.20747 0.00000 0.00000
0.64523 0.29085 0.00000 1.00000
0.24400 0.53203 0.00000 1.00000
0.44515 0.42939 0.00000 0.00000
0.98127 0.31361 0.00000 1.00000
0.75996 0.38883 0.00000 1.00000
0.17363 0.74357 0.00000 1.00000
0.21673 0.29205 0.00000 0.00000
0.54333 0.96815 1.00000 1.00000
0.68414 0.47137 0.00000 1.00000
0.01943 0.43565 0.00000 0.00000
0.87478 0.78415 1.00000 1.00000
0.55131 0.84989 1.00000 1.00000
0.24929 0.63644 0.00000 1.00000
0.42620 0.13466 0.00000 0.00000
0.67893 0.34239 0.00000 1.00000
0.61717 0.56329 1.00000 1.00000
0.40140 0.90814 0.00000 1.00000
0.95183 0.44289 0.00000 1.00000
0.40313 0.05268 0.00000 0.00000
0.65169 0.56636 1.00000 1.00000
0.33113 0.00802 0.00000 0.00000
0.32275 0.59581 0.00000 1.00000
0.38541 0.05094 0.00000 0.00000
0.02408 0.30743 0.00000 0.00000
0.51863 0.53855 1.00000 1.00000
0.60548 0.80185 1.00000 1.00000
0.85095 0.80310 1.00000 1.00000
0.92518 0.95393 1.00000 1.00000
0.07249 0.52252 0.00000 1.00000
0.03285 0.25186 0.00000 0.00000
0.65528 0.26577 0.00000 1.00000
0.89459 0.28902 0.00000 1.00000
0.42013 0.68444 0.00000 1.00000
0.90295 0.15828 0.00000 1.00000
0.29201 0.11785 0.00000 0.00000
0.84591 0.49617 0.00000 1.00000
0.86514 0.45723 0.00000 1.00000
0.69641 0.08810 0.00000 1.00000
0.99430 0.71158 1.00000 1.00000
0.73284 0.51321 1.00000 1.00000
0.03852 0.49575 0.00000 0.00000
0.84840 0.21815 0.00000 1.00000
0.45787 0.82795 0.00000 1.00000
0.90046 0.53438 1.00000 1.00000
0.85636 0.38954 0.00000 1.00000
0.19897 0.90157 0.00000 1.00000
0.12275 0.01241 0.00000 0.00000
0.41215 0.31683 0.00000 0.00000
0.54214 0.13480 0.00000 1.00000
0.08737 0.72560 0.00000 1.00000
0.09768 0.59864 0.00000 1.00000
0.79974 0.99094 1.00000 1.00000
0.79919 0.73743 1.00000 1.00000
0.57365 0.41450 0.00000 1.00000
0.02233 0.00527 0.00000 0.00000
0.98726 0.51693 1.00000 1.00000
0.18501 0.57154 0.00000 1.00000
0.88916 0.30446 0.00000 1.00000
0.42184 0.55509 0.00000 1.00000
0.40646 0.90287 0.00000 1.00000
0.75243 0.24851 0.00000 1.00000
0.56767 0.01623 0.00000 1.00000
0.71869 0.02729 0.00000 1.00000
0.01846 0.90378 0.00000 1.00000
0.67024 0.10924 0.00000 1.00000
0.93363 0.31936 0.00000 1.00000
0.57648 0.94569 1.00000 1.00000
0.06649 0.00200 0.00000 0.00000
0.93773 0.92179 1.00000 1.00000
0.24348 0.32526 0.00000 0.00000
0.76325 0.34813 0.00000 1.00000
0.66435 0.28540 0.00000 1.00000
0.27529 0.47666 0.00000 0.00000
0.30372 0.98010 0.00000 1.00000
0.94237 0.27277 0.00000 1.00000
0.90711 0.76247 1.00000 1.00000
0.75349 0.36173 0.00000 1.00000
0.65681 0.69718 1.00000 1.00000
0.56652 0.23256 0.00000 1.00000
0.84154 0.54567 1.00000 1.00000
0.15657 0.60196 0.00000 1.00000
0.39398 0.25258 0.00000 0.00000
0.10560 0.51847 0.00000 1.00000
0.97153 0.33709 0.00000 1.00000
0.45622 0.07683 0.00000 0.00000
0.87009 0.84597 1.00000 1.00000
0.90991 0.06228 0.00000 1.00000
0.07635 0.93315 0.00000 1.00000
0.14865 0.04865 0.00000 0.00000